eff_trig = 0.96266+-0.0335155
acc = 0.966061+-0.0342196
acc_sh1 = 1+-0.0348155
acc_sh2 = 1+-0.0348155
eff_ac = 0.843636+-0.031978
aeff_ac = 0.845671+-0.032574
