eff_trig = 0.964731+-0.0144038
acc = 0.963888+-0.0146583
acc_sh1 = 1+-0.0149304
acc_sh2 = 1+-0.0149304
eff_ac = 0.835934+-0.0136507
aeff_ac = 0.839963+-0.0139376
