eff_trig = 0.970849+-0.0350782
acc = 0.962141+-0.0354409
acc_sh1 = 1+-0.0361315
acc_sh2 = 1+-0.0361315
eff_ac = 0.795039+-0.0322166
aeff_ac = 0.796472+-0.0328739
