eff_trig = 0.966412+-0.0162451
acc = 0.970048+-0.016556
acc_sh1 = 1+-0.0168097
acc_sh2 = 1+-0.0168097
eff_ac = 0.633795+-0.0133824
aeff_ac = 0.634722+-0.0135974
